nbr	zone_color_id	x_world_grid	y_world_grid	top_z	bottom_z	zone_name	coords?[0]	coords?[1]	coords?[2]	coords?[3]	coords?[4]	coords?[5]	unk02	map	dupa
0	0	0	0	30000.00000000	-30000.00000000	u,Нейтральные Воды\0	-1	-1	-1	-1	-1	-1	0.00000000	a,	0
1	1	0	0	30000.00000000	-30000.00000000	u,Говорящий Остров\0	-1	-1	-1	-1	-1	-1	0.00000000	a,	0
2	2	0	0	30000.00000000	-30000.00000000	u,Земли Глудио\0	-1	-1	-1	-1	-1	-1	0.00000000	a,	0
3	3	0	0	30000.00000000	-30000.00000000	u,Земли Диона\0	-1	-1	-1	-1	-1	-1	0.00000000	a,	0
4	4	0	0	30000.00000000	-30000.00000000	u,Земли Гирана\0	-1	-1	-1	-1	-1	-1	0.00000000	a,	0
5	5	0	0	30000.00000000	-30000.00000000	u,Темный Лес\0	-1	-1	-1	-1	-1	-1	0.00000000	a,	0
6	6	0	0	30000.00000000	-30000.00000000	u,Эльфийский Лес\0	-1	-1	-1	-1	-1	-1	0.00000000	a,	0
7	7	0	0	30000.00000000	-30000.00000000	u,Земли Орена\0	-1	-1	-1	-1	-1	-1	0.00000000	a,	0
8	8	0	0	30000.00000000	-30000.00000000	u,Аден\0	-1	-1	-1	-1	-1	-1	0.00000000	a,	0
9	9	0	0	30000.00000000	-30000.00000000	u,Земли Иннадрила\0	-1	-1	-1	-1	-1	-1	0.00000000	a,	0
10	10	0	0	30000.00000000	-30000.00000000	u,Туманные Горы\0	-1	-1	-1	-1	-1	-1	0.00000000	a,	0
11	11	0	0	30000.00000000	-30000.00000000	u,Нейтральная Зона\0	-1	-1	-1	-1	-1	-1	0.00000000	a,	0
12	12	0	0	30000.00000000	-30000.00000000	u,Долина Драконов\0	-1	-1	-1	-1	-1	-1	0.00000000	a,	0
13	13	0	0	30000.00000000	-30000.00000000	u,Лион\0	-1	-1	-1	-1	-1	-1	0.00000000	a,	0
14	14	0	0	30000.00000000	-30000.00000000	u,Земли Шутгарта\0	-1	-1	-1	-1	-1	-1	0.00000000	a,	0
15	15	0	0	30000.00000000	-30000.00000000	u,Пустошь\0	-1	-1	-1	-1	-1	-1	0.00000000	a,	0
16	252	18	21	30000.00000000	-30000.00000000	u,Озеро Фельмер\0	-1	-1	-1	-1	-1	-1	0.00000000	a,	0
17	254	19	23	-4400.00000000	-7520.00000000	u,Муравейник\0	-1	-1	-1	-1	-1	-1	0.00000000	a,	0
18	251	17	22	30000.00000000	-30000.00000000	u,Арена Глудина\0	-1	-1	-1	-1	-1	-1	0.00000000	a,	0
19	254	19	21	30000.00000000	-30000.00000000	u,Замок Глудио\0	-1	-1	-1	-1	-1	-1	0.00000000	a,	0
20	255	19	21	30000.00000000	-30000.00000000	u,Глудио\0	756	1932	-19968	117504	1024	1024	0.05000000	a,map_gludio_castle_town\0	0
21	255	17	22	30000.00000000	-30000.00000000	u,Деревня Глудин\0	433	2079	-89344	145792	1024	1024	0.05000000	a,map_gludin_village\0	0
22	254	17	22	30000.00000000	-30000.00000000	u,Гавань Глудина\0	-1	-1	-1	-1	-1	-1	0.00000000	a,	0
23	255	18	24	30000.00000000	-4200.00000000	u,Поселение Ящеров Лангк\0	-1	-1	-1	-1	-1	-1	0.00000000	a,	0
24	253	18	23	30000.00000000	-3700.00000000	u,Подножье Горы\0	-1	-1	-1	-1	-1	-1	0.00000000	a,	0
25	253	19	21	30000.00000000	-30000.00000000	u,Лагерь Ящеров Мэль\0	-1	-1	-1	-1	-1	-1	0.00000000	a,	0
26	253	17	20	30000.00000000	-4200.00000000	u,Холм Ветров\0	-1	-1	-1	-1	-1	-1	0.00000000	a,	0
27	255	18	21	30000.00000000	-30000.00000000	u,Руины Страданий\0	-1	-1	-1	-1	-1	-1	0.00000000	a,	0
28	254	18	23	-3760.00000000	-5632.00000000	u,Забытый Храм\0	-1	-1	-1	-1	-1	-1	0.00000000	a,	0
29	255	19	22	30000.00000000	-30000.00000000	u,Руины Отчаяния\0	-1	-1	-1	-1	-1	-1	0.00000000	a,	0
30	255	17	21	30000.00000000	-30000.00000000	u,Лагерь Орков\0	-1	-1	-1	-1	-1	-1	0.00000000	a,	0
31	255	18	22	30000.00000000	-30000.00000000	u,Заброшенный Лагерь\0	-1	-1	-1	-1	-1	-1	0.00000000	a,	0
32	255	21	25	-4874.00000000	-6874.00000000	u,Эльфийские Руины\0	270	2485	34830	235950	1024	1024	0.05000000	a,dungeon_map_elven_ruin\0	0
33	255	16	25	30000.00000000	-30000.00000000	u,Эльфийские Руины\0	-1	-1	-1	-1	-1	-1	0.00000000	a,	0
34	255	21	25	30000.00000000	-6873.00000000	u,Нейтральные Воды\0	-1	-1	-1	-1	-1	-1	0.00000000	a,	0
35	255	17	25	30000.00000000	-30000.00000000	u,Деревня Говорящего Острова\0	406	2536	-90624	236416	1024	1024	0.05000000	a,map_talkin_island_village\0	0
36	253	17	25	30000.00000000	-30000.00000000	u,Школа Седрика\0	-1	-1	-1	-1	-1	-1	0.00000000	a,	0
37	254	17	25	30000.00000000	-30000.00000000	u,Школа Магов Айнховант\0	-1	-1	-1	-1	-1	-1	0.00000000	a,	0
38	253	16	25	30000.00000000	-30000.00000000	u,Обелиск Победы\0	-1	-1	-1	-1	-1	-1	0.00000000	a,	0
39	254	16	25	30000.00000000	-30000.00000000	u,Поющий Водопад\0	-1	-1	-1	-1	-1	-1	0.00000000	a,	0
40	252	17	25	30000.00000000	-30000.00000000	u,Гавань Говорящего Острова\0	-1	-1	-1	-1	-1	-1	0.00000000	a,	0
41	253	22	22	30000.00000000	-30000.00000000	u,Арена Гирана\0	-1	-1	-1	-1	-1	-1	0.00000000	a,	0
42	255	23	22	30000.00000000	-30000.00000000	u,Замок Гиран\0	-1	-1	-1	-1	-1	-1	0.00000000	a,	0
43	255	22	22	30000.00000000	-30000.00000000	u,Гиран\0	1244	2053	73536	140032	1024	1024	0.05000000	a,map_giran_castle_town\0	0
44	255	21	23	30000.00000000	-30000.00000000	u,Гавань Гирана\0	-1	-1	-1	-1	-1	-1	0.00000000	a,	0
45	255	24	21	30000.00000000	-30000.00000000	u,Логово Антараса\0	-1	-1	-1	-1	-1	-1	0.00000000	a,	0
46	251	22	21	30000.00000000	-30000.00000000	u,Долина Смерти\0	-1	-1	-1	-1	-1	-1	0.00000000	a,	0
47	254	20	22	30000.00000000	-30000.00000000	u,Замок Дион\0	-1	-1	-1	-1	-1	-1	0.00000000	a,	0
48	255	20	22	30000.00000000	-30000.00000000	u,Дион\0	927	2042	11840	138432	1024	1024	0.05000000	a,map_dion_castle_town\0	0
49	252	20	23	30000.00000000	-30000.00000000	u,Ипподром\0	-1	-1	-1	-1	-1	-1	0.00000000	a,	0
50	255	21	21	30000.00000000	-30000.00000000	u,Лагерь Партизан\0	-1	-1	-1	-1	-1	-1	0.00000000	a,	0
51	255	21	22	30000.00000000	-30000.00000000	u,Земля Казненных\0	-1	-1	-1	-1	-1	-1	0.00000000	a,	0
52	253	20	21	30000.00000000	-4407.00000000	u,Топи Крумы\0	-1	-1	-1	-1	-1	-1	0.00000000	a,	0
53	255	20	21	30000.00000000	-30000.00000000	u,Топи Крумы\0	-1	-1	-1	-1	-1	-1	0.00000000	a,	0
54	254	20	21	30000.00000000	-4407.00000000	u,Башня Крумы\0	-1	-1	-1	-1	-1	-1	0.00000000	a,	0
55	253	20	21	-4408.00000000	-14036.00000000	u,Башня Крумы\0	-1	-1	-1	-1	-1	-1	0.00000000	a,	0
56	254	20	21	-4408.00000000	-30000.00000000	u,Башня Крумы\0	-1	-1	-1	-1	-1	-1	0.00000000	a,	0
57	254	21	22	30000.00000000	-30000.00000000	u,Каньон Танор\0	-1	-1	-1	-1	-1	-1	0.00000000	a,	0
58	255	20	23	30000.00000000	-30000.00000000	u,Деревня Флоран\0	903	2156	11840	165120	1024	1024	0.05000000	a,map_floran_village\0	0
59	253	20	23	30000.00000000	-30000.00000000	u,Пасека\0	-1	-1	-1	-1	-1	-1	0.00000000	a,	0
60	255	20	14	-1952.00000000	-3952.00000000	u,Пещера Испытаний\0	909	765	7400	-124192	1024	1024	0.05000000	a,dungeon_map_dungeon_of_trial\0	0
61	255	20	13	30000.00000000	-30000.00000000	u,Замерзший Водопад\0	-1	-1	-1	-1	-1	-1	0.00000000	a,	0
62	255	18	14	30000.00000000	-30000.00000000	u,Деревня Орков\0	602	743	-52736	-120832	1024	1024	0.05000000	a,map_orc_village\0	0
63	254	18	14	30000.00000000	-30000.00000000	u,Храм Паагрио\0	-1	-1	-1	-1	-1	-1	0.00000000	a,	0
64	254	23	12	30000.00000000	-30000.00000000	u,Деревня Гномов\0	1417	401	110144	-187968	1024	1024	0.05000000	a,map_dwarven_village\0	0
65	255	25	12	4224.00000000	-4810.00000000	u,Мифриловый Рудник\0	-1	-1	-1	-1	-1	-1	0.00000000	a,	0
66	255	24	12	3424.00000000	-2704.00000000	u,Заброшенный Угольный Рудник\0	1552	453	134800	-182650	1024	1024	0.05000000	a,dungeon_map_abaodoned_mime\0	0
67	255	23	12	30000.00000000	-30000.00000000	u,Рудник Возрождения\0	-1	-1	-1	-1	-1	-1	0.00000000	a,	0
68	255	24	20	30000.00000000	-30000.00000000	u,Лес Зеркал\0	-1	-1	-1	-1	-1	-1	0.00000000	a,	0
69	255	25	19	30000.00000000	-30000.00000000	u,Пещера Гигантов\0	-1	-1	-1	-1	-1	-1	0.00000000	a,	0
70	254	25	19	-5172.00000000	-30000.00000000	u,Долина Безмолвия\0	-1	-1	-1	-1	-1	-1	0.00000000	a,	0
71	255	25	18	30000.00000000	-30000.00000000	u,Кладбище\0	-1	-1	-1	-1	-1	-1	0.00000000	a,	0
72	255	24	19	30000.00000000	-30000.00000000	u,Озеро Нарсилл\0	-1	-1	-1	-1	-1	-1	0.00000000	a,	0
73	253	25	19	30000.00000000	-30000.00000000	u,Забытые Равнины\0	-1	-1	-1	-1	-1	-1	0.00000000	a,	0
74	255	23	20	30000.00000000	-30000.00000000	u,Деревня Охотников\0	1424	1706	111104	70016	1024	1024	0.05000000	a,map_hunters_village\0	0
75	254	25	18	30000.00000000	-30000.00000000	u,Запретные Врата\0	-1	-1	-1	-1	-1	-1	0.00000000	a,	0
76	254	24	18	30000.00000000	-30000.00000000	u,Замок Аден\0	-1	-1	-1	-1	-1	-1	0.00000000	a,	0
77	255	24	18	30000.00000000	-30000.00000000	u,Город Аден\0	1574	1446	139264	16384	1024	1024	0.05000000	a,map_town_of_aden\0	0
78	254	25	20	30000.00000000	-30000.00000000	u,Ангельский Водопад\0	-1	-1	-1	-1	-1	-1	0.00000000	a,	0
79	251	23	18	6944.00000000	5952.00000000	u,Башня Дерзости: 10-й этаж\0	-1	-1	-1	-1	-1	-1	0.00000000	a,	0
80	251	23	18	7952.00000000	6976.00000000	u,Башня Дерзости: 11-й этаж\0	-1	-1	-1	-1	-1	-1	0.00000000	a,	0
81	251	23	18	8960.00000000	7968.00000000	u,Башня Дерзости: 12-й этаж\0	-1	-1	-1	-1	-1	-1	0.00000000	a,	0
82	251	23	18	10048.00000000	8976.00000000	u,Башня Дерзости: 13-й этаж\0	-1	-1	-1	-1	-1	-1	0.00000000	a,	0
83	251	23	18	12000.00000000	10064.00000000	u,Башня Дерзости: 14-й этаж\0	-1	-1	-1	-1	-1	-1	0.00000000	a,	0
84	251	23	18	-3728.00000000	-10000.00000000	u,Башня Дерзости: 1-й этаж\0	-1	-1	-1	-1	-1	-1	0.00000000	a,	0
85	251	23	18	-2192.00000000	-3680.00000000	u,Башня Дерзости: 2-й этаж\0	-1	-1	-1	-1	-1	-1	0.00000000	a,	0
86	251	23	18	-704.00000000	-2128.00000000	u,Башня Дерзости: 3-й этаж\0	-1	-1	-1	-1	-1	-1	0.00000000	a,	0
87	251	23	18	784.00000000	-688.00000000	u,Башня Дерзости: 4-й этаж\0	-1	-1	-1	-1	-1	-1	0.00000000	a,	0
88	251	23	18	1872.00000000	896.00000000	u,Башня Дерзости: 5-й этаж\0	-1	-1	-1	-1	-1	-1	0.00000000	a,	0
89	251	23	18	2912.00000000	1888.00000000	u,Башня Дерзости: 6-й этаж\0	-1	-1	-1	-1	-1	-1	0.00000000	a,	0
90	251	23	18	3920.00000000	2928.00000000	u,Башня Дерзости: 7-й этаж\0	-1	-1	-1	-1	-1	-1	0.00000000	a,	0
91	251	23	18	4928.00000000	3952.00000000	u,Башня Дерзости: 8-й этаж\0	-1	-1	-1	-1	-1	-1	0.00000000	a,	0
92	251	23	18	5936.00000000	4944.00000000	u,Башня Дерзости: 9-й этаж\0	-1	-1	-1	-1	-1	-1	0.00000000	a,	0
93	254	24	19	30000.00000000	-30000.00000000	u,Колизей\0	-1	-1	-1	-1	-1	-1	0.00000000	a,	0
94	255	25	17	30000.00000000	-4220.00000000	u,Разоренный Замок\0	-1	-1	-1	-1	-1	-1	0.00000000	a,	0
95	255	24	17	30000.00000000	-30000.00000000	u,Раскаленные Топи\0	-1	-1	-1	-1	-1	-1	0.00000000	a,	0
96	254	23	17	30000.00000000	-30000.00000000	u,Древнее Поле Битвы\0	-1	-1	-1	-1	-1	-1	0.00000000	a,	0
97	253	23	17	30000.00000000	-30000.00000000	u,Восточная Пограничная Застава\0	-1	-1	-1	-1	-1	-1	0.00000000	a,	0
98	255	22	17	30000.00000000	-30000.00000000	u,Лагерь Разбойников\0	-1	-1	-1	-1	-1	-1	0.00000000	a,	0
99	255	22	18	30000.00000000	-4632.00000000	u,Башня Слоновой Кости\0	-1	-1	-1	-1	-1	-1	0.00000000	a,	0
100	254	22	19	30000.00000000	-30000.00000000	u,Замок Орен\0	-1	-1	-1	-1	-1	-1	0.00000000	a,	0
101	255	22	19	30000.00000000	-30000.00000000	u,Орен\0	1250	1595	75136	48768	1024	1024	0.05000000	a,map_town_of_oren\0	0
102	254	22	20	30000.00000000	-3900.00000000	u,Долина Ящеров\0	-1	-1	-1	-1	-1	-1	0.00000000	a,	0
103	255	23	19	30000.00000000	-30000.00000000	u,Волшебная Долина\0	-1	-1	-1	-1	-1	-1	0.00000000	a,	0
104	255	21	18	30000.00000000	-30000.00000000	u,Море Спор\0	-1	-1	-1	-1	-1	-1	0.00000000	a,	0
105	253	22	19	30000.00000000	-30000.00000000	u,Луга Небесной Тени\0	-1	-1	-1	-1	-1	-1	0.00000000	a,	0
106	255	19	19	30000.00000000	-30000.00000000	u,Топи\0	-1	-1	-1	-1	-1	-1	0.00000000	a,	0
107	255	20	18	30000.00000000	-30000.00000000	u,Деревня Темных Эльфов\0	885	1394	768	9344	1024	1024	0.05000000	a,map_dark_elven_village\0	0
108	254	20	18	30000.00000000	-30000.00000000	u,Храм Шилен\0	-1	-1	-1	-1	-1	-1	0.00000000	a,	0
109	255	18	20	30000.00000000	-4000.00000000	u,Церемониальный алтарь\0	-1	-1	-1	-1	-1	-1	0.00000000	a,	0
110	255	18	19	30000.00000000	-30000.00000000	u,Школа Темной Магии\0	608	1572	-57500	39808	1024	1024	0.05000000	a,dungeon_map_black_magic_laboratory\0	0
111	254	21	19	30000.00000000	-30000.00000000	u,Тень Древа Жизни\0	-1	-1	-1	-1	-1	-1	0.00000000	a,	0
112	255	21	20	30000.00000000	-30000.00000000	u,Радужное Озеро\0	-1	-1	-1	-1	-1	-1	0.00000000	a,	0
113	255	21	19	30000.00000000	-30000.00000000	u,Эльфийская Деревня\0	1071	1568	39168	42688	1024	1024	0.05000000	a,map_elven_village\0	0
114	255	20	20	-3200.00000000	-4450.00000000	u,Эльфийская Крепость\0	958	1687	8320	68086	1024	1024	0.05000000	a,dungeon_map_elven_underground_fortress\0	0
115	253	21	19	30000.00000000	-30000.00000000	u,Водопад Звездного Сияния\0	-1	-1	-1	-1	-1	-1	0.00000000	a,	0
116	255	22	23	30000.00000000	-30000.00000000	u,Поля Безмолвия\0	-1	-1	-1	-1	-1	-1	0.00000000	a,	0
117	255	22	24	30000.00000000	-30000.00000000	u,Шепчущие Поля\0	-1	-1	-1	-1	-1	-1	0.00000000	a,	0
118	255	23	24	30000.00000000	-30000.00000000	u,Хейн\0	1391	2436	101504	212608	1024	1024	0.05000000	a,map_heine\0	0
119	255	21	24	30000.00000000	-30000.00000000	u,Остров Дьявола\0	-1	-1	-1	-1	-1	-1	0.00000000	a,	0
120	255	23	23	30000.00000000	-30000.00000000	u,Остров Аллигаторов\0	-1	-1	-1	-1	-1	-1	0.00000000	a,	0
121	255	22	25	30000.00000000	-30000.00000000	u,Сады Богини Евы\0	-1	-1	-1	-1	-1	-1	0.00000000	a,	0
122	254	23	24	30000.00000000	-30000.00000000	u,Пристань Паромов\0	-1	-1	-1	-1	-1	-1	0.00000000	a,	0
123	255	23	25	30000.00000000	-30000.00000000	u,Замок Иннадрил\0	-1	-1	-1	-1	-1	-1	0.00000000	a,	0
124	254	21	24	30000.00000000	-30000.00000000	u,Тоннель Пиратов\0	-1	-1	-1	-1	-1	-1	0.00000000	a,	0
125	249	17	21	-3968.00000000	-5056.00000000	u,Оракул Рассвета\0	-1	-1	-1	-1	-1	-1	0.00000000	a,	0
126	249	17	20	-4224.00000000	-5312.00000000	u,Оракул Заката\0	-1	-1	-1	-1	-1	-1	0.00000000	a,	0
127	249	18	20	-4064.00000000	-4896.00000000	u,Молитвенный Некрополь\0	-1	-1	-1	-1	-1	-1	0.00000000	a,	0
128	249	18	24	-4282.00000000	-5242.00000000	u,Жертвенный Некрополь\0	-1	-1	-1	-1	-1	-1	0.00000000	a,	0
129	249	19	18	-4224.00000000	-5056.00000000	u,Катакомбы Темного Пророчества\0	-1	-1	-1	-1	-1	-1	0.00000000	a,	0
130	249	19	20	-4496.00000000	-5328.00000000	u,Некрополь Повстанцев\0	-1	-1	-1	-1	-1	-1	0.00000000	a,	0
131	249	21	21	-4736.00000000	-5568.00000000	u,Некрополь Пилигримов\0	-1	-1	-1	-1	-1	-1	0.00000000	a,	0
132	249	21	22	-4704.00000000	-5536.00000000	u,Катакомбы Еретиков\0	-1	-1	-1	-1	-1	-1	0.00000000	a,	0
133	249	21	23	-4304.00000000	-5136.00000000	u,Катакомбы Отлученных\0	-1	-1	-1	-1	-1	-1	0.00000000	a,	0
134	249	22	20	-3936.00000000	-5280.00000000	u,Катакомбы Отступников\0	-1	-1	-1	-1	-1	-1	0.00000000	a,	0
135	249	22	24	-4762.00000000	-5594.00000000	u,Некрополь Святых\0	-1	-1	-1	-1	-1	-1	0.00000000	a,	0
136	249	23	20	-5352.00000000	-6696.00000000	u,Катакомбы Запретного Пути\0	-1	-1	-1	-1	-1	-1	0.00000000	a,	0
137	249	23	22	-4154.00000000	-4986.00000000	u,Некрополь Мучеников\0	-1	-1	-1	-1	-1	-1	0.00000000	a,	0
138	249	23	23	-4762.00000000	-5594.00000000	u,Некрополь Послушников\0	-1	-1	-1	-1	-1	-1	0.00000000	a,	0
139	249	24	20	-3984.00000000	-5584.00000000	u,Катакомбы Ведьм\0	-1	-1	-1	-1	-1	-1	0.00000000	a,	0
140	249	25	17	-4224.00000000	-5644.00000000	u,Некрополь Апостолов\0	-1	-1	-1	-1	-1	-1	0.00000000	a,	0
141	255	16	10	30000.00000000	-30000.00000000	u,Комната GM\0	-1	-1	-1	-1	-1	-1	0.00000000	a,	0
142	255	18	24	-4282.00000000	-5242.00000000	u,Жертвенный Некрополь\0	-1	-1	-1	-1	-1	-1	0.00000000	a,	0
143	253	17	20	-4224.00000000	-5312.00000000	u,Оракул Заката\0	-1	-1	-1	-1	-1	-1	0.00000000	a,	0
144	249	17	20	30000.00000000	-4220.00000000	u,Земли Глудио\0	-1	-1	-1	-1	-1	-1	0.00000000	a,	0
145	250	17	20	-4224.00000000	-5312.00000000	u,Оракул Заката\0	-1	-1	-1	-1	-1	-1	0.00000000	a,	0
146	250	17	20	30000.00000000	-4220.00000000	u,Темный Лес\0	-1	-1	-1	-1	-1	-1	0.00000000	a,	0
147	252	18	22	30000.00000000	-30000.00000000	u,Озеро Фельмер\0	-1	-1	-1	-1	-1	-1	0.00000000	a,	0
148	252	17	22	30000.00000000	-30000.00000000	u,Озеро Фельмер\0	-1	-1	-1	-1	-1	-1	0.00000000	a,	0
149	255	19	24	30000.00000000	-4200.00000000	u,Поселение Ящеров Лангк\0	-1	-1	-1	-1	-1	-1	0.00000000	a,	0
150	253	18	24	30000.00000000	-30000.00000000	u,Подножье Горы\0	-1	-1	-1	-1	-1	-1	0.00000000	a,	0
151	253	19	24	30000.00000000	-30000.00000000	u,Подножье Горы\0	-1	-1	-1	-1	-1	-1	0.00000000	a,	0
152	253	18	23	-3760.00000000	-5632.00000000	u,Забытый Храм\0	-1	-1	-1	-1	-1	-1	0.00000000	a,	0
153	254	21	23	30000.00000000	-30000.00000000	u,Каньон Танор\0	-1	-1	-1	-1	-1	-1	0.00000000	a,	0
154	254	22	22	30000.00000000	-30000.00000000	u,Каньон Танор\0	-1	-1	-1	-1	-1	-1	0.00000000	a,	0
155	253	21	23	30000.00000000	-30000.00000000	u,Пасека\0	-1	-1	-1	-1	-1	-1	0.00000000	a,	0
156	254	23	18	30000.00000000	-30000.00000000	u,Древнее Поле Битвы\0	-1	-1	-1	-1	-1	-1	0.00000000	a,	0
157	249	18	24	30000.00000000	-4200.00000000	u,Подножье Горы\0	-1	-1	-1	-1	-1	-1	0.00000000	a,	0
158	249	22	20	30000.00000000	-3900.00000000	u,Земли Орена\0	-1	-1	-1	-1	-1	-1	0.00000000	a,	0
159	254	22	20	-3936.00000000	-5280.00000000	u,Катакомбы Отступников\0	-1	-1	-1	-1	-1	-1	0.00000000	a,	0
160	249	17	21	30000.00000000	-3950.00000000	u,Земли Глудио\0	-1	-1	-1	-1	-1	-1	0.00000000	a,	0
161	249	18	20	30000.00000000	-4000.00000000	u,Темный Лес\0	-1	-1	-1	-1	-1	-1	0.00000000	a,	0
162	255	18	20	-4064.00000000	-4896.00000000	u,Молитвенный Некрополь\0	-1	-1	-1	-1	-1	-1	0.00000000	a,	0
163	250	18	20	30000.00000000	-4000.00000000	u,Туманные Горы\0	-1	-1	-1	-1	-1	-1	0.00000000	a,	0
164	250	18	20	-4064.00000000	-4896.00000000	u,Молитвенный Некрополь\0	-1	-1	-1	-1	-1	-1	0.00000000	a,	0
165	250	19	20	-4496.00000000	-5328.00000000	u,Некрополь Повстанцев\0	-1	-1	-1	-1	-1	-1	0.00000000	a,	0
166	249	19	20	30000.00000000	-4480.00000000	u,Темный Лес\0	-1	-1	-1	-1	-1	-1	0.00000000	a,	0
167	250	19	20	30000.00000000	-4480.00000000	u,Нейтральная Зона\0	-1	-1	-1	-1	-1	-1	0.00000000	a,	0
168	249	19	18	30000.00000000	-4220.00000000	u,Темный Лес\0	-1	-1	-1	-1	-1	-1	0.00000000	a,	0
169	249	21	21	30000.00000000	-4700.00000000	u,Лагерь Партизан\0	-1	-1	-1	-1	-1	-1	0.00000000	a,	0
170	249	21	22	30000.00000000	-4700.00000000	u,Земля Казненных\0	-1	-1	-1	-1	-1	-1	0.00000000	a,	0
171	249	21	23	30000.00000000	-4300.00000000	u,Земли Гирана\0	-1	-1	-1	-1	-1	-1	0.00000000	a,	0
172	249	22	24	30000.00000000	-4760.00000000	u,Шепчущие Поля\0	-1	-1	-1	-1	-1	-1	0.00000000	a,	0
173	249	23	20	30000.00000000	-5350.00000000	u,Деревня Охотников\0	-1	-1	-1	-1	-1	-1	0.00000000	a,	0
174	249	23	22	30000.00000000	-4150.00000000	u,Сад Цветов Горгон\0	-1	-1	-1	-1	-1	-1	0.00000000	a,	0
175	249	23	23	30000.00000000	-4760.00000000	u,Остров Аллигаторов\0	-1	-1	-1	-1	-1	-1	0.00000000	a,	0
176	249	24	20	30000.00000000	-3980.00000000	u,Лес Зеркал\0	-1	-1	-1	-1	-1	-1	0.00000000	a,	0
177	255	25	17	-4224.00000000	-5644.00000000	u,Некрополь Апостолов\0	-1	-1	-1	-1	-1	-1	0.00000000	a,	0
178	255	25	21	30000.00000000	-30000.00000000	u,Гнездо Антараса\0	-1	-1	-1	-1	-1	-1	0.00000000	a,	0
179	254	19	23	30000.00000000	-4400.00000000	u,Пустошь\0	-1	-1	-1	-1	-1	-1	0.00000000	a,	0
180	255	20	14	30000.00000000	29999.00000000	u,Лион\0	-1	-1	-1	-1	-1	-1	0.00000000	a,	0
181	255	20	20	30000.00000000	-3100.00000000	u,Эльфийский Лес\0	-1	-1	-1	-1	-1	-1	0.00000000	a,	0
182	254	18	23	30000.00000000	-3700.00000000	u,Земли Глудио\0	-1	-1	-1	-1	-1	-1	0.00000000	a,	0
183	255	24	12	30000.00000000	3430.00000000	u,Земли Шутгарта\0	-1	-1	-1	-1	-1	-1	0.00000000	a,	0
184	255	25	12	30000.00000000	4250.00000000	u,Земли Шутгарта\0	-1	-1	-1	-1	-1	-1	0.00000000	a,	0
185	254	25	19	30000.00000000	-5170.00000000	u,Пещера Гигантов\0	-1	-1	-1	-1	-1	-1	0.00000000	a,	0
186	254	19	19	30000.00000000	-30000.00000000	u,Водопад Ундины\0	-1	-1	-1	-1	-1	-1	0.00000000	a,	0
187	254	22	18	30000.00000000	-30000.00000000	u,Водопад Богов\0	-1	-1	-1	-1	-1	-1	0.00000000	a,	0
188	249	25	17	30000.00000000	-4220.00000000	u,Поле Брани\0	-1	-1	-1	-1	-1	-1	0.00000000	a,	0
189	244	19	13	30000.00000000	-30000.00000000	u,Плато Бессмертия (север)\0	-1	-1	-1	-1	-1	-1	0.00000000	a,	0
190	244	19	14	30000.00000000	-30000.00000000	u,Плато Бессмертия (север)\0	-1	-1	-1	-1	-1	-1	0.00000000	a,	0
191	244	19	15	30000.00000000	-30000.00000000	u,Плато Бессмертия (север)\0	-1	-1	-1	-1	-1	-1	0.00000000	a,	0
192	244	20	13	30000.00000000	-30000.00000000	u,Плато Бессмертия (север)\0	-1	-1	-1	-1	-1	-1	0.00000000	a,	0
193	244	20	14	30000.00000000	-30000.00000000	u,Плато Бессмертия (север)\0	-1	-1	-1	-1	-1	-1	0.00000000	a,	0
194	245	19	15	30000.00000000	-30000.00000000	u,Плато Бессмертия (юг)\0	-1	-1	-1	-1	-1	-1	0.00000000	a,	0
195	245	20	14	30000.00000000	-30000.00000000	u,Плато Бессмертия (юг)\0	-1	-1	-1	-1	-1	-1	0.00000000	a,	0
196	245	20	15	30000.00000000	-30000.00000000	u,Плато Бессмертия (юг)\0	-1	-1	-1	-1	-1	-1	0.00000000	a,	0
197	243	18	14	30000.00000000	-30000.00000000	u,Долина Героев\0	-1	-1	-1	-1	-1	-1	0.00000000	a,	0
198	243	19	14	30000.00000000	-30000.00000000	u,Долина Героев\0	-1	-1	-1	-1	-1	-1	0.00000000	a,	0
199	243	23	12	30000.00000000	-30000.00000000	u,Замерзшая Долина\0	-1	-1	-1	-1	-1	-1	0.00000000	a,	0
200	244	23	11	30000.00000000	-30000.00000000	u,Западные Рудники\0	-1	-1	-1	-1	-1	-1	0.00000000	a,	0
201	244	23	12	30000.00000000	-30000.00000000	u,Западные Рудники\0	-1	-1	-1	-1	-1	-1	0.00000000	a,	0
202	244	24	11	30000.00000000	-30000.00000000	u,Западные Рудники\0	-1	-1	-1	-1	-1	-1	0.00000000	a,	0
203	244	24	12	30000.00000000	-30000.00000000	u,Западные Рудники\0	-1	-1	-1	-1	-1	-1	0.00000000	a,	0
204	245	24	11	30000.00000000	-30000.00000000	u,Восточные Рудники\0	-1	-1	-1	-1	-1	-1	0.00000000	a,	0
205	245	24	12	30000.00000000	-30000.00000000	u,Восточные Рудники\0	-1	-1	-1	-1	-1	-1	0.00000000	a,	0
206	245	25	11	30000.00000000	-30000.00000000	u,Восточные Рудники\0	-1	-1	-1	-1	-1	-1	0.00000000	a,	0
207	245	25	12	30000.00000000	-30000.00000000	u,Восточные Рудники\0	-1	-1	-1	-1	-1	-1	0.00000000	a,	0
208	244	23	24	30000.00000000	-30000.00000000	u,Пляж Аллигаторов\0	-1	-1	-1	-1	-1	-1	0.00000000	a,	0
209	244	24	18	30000.00000000	-30000.00000000	u,Равнины Славы\0	-1	-1	-1	-1	-1	-1	0.00000000	a,	0
210	243	24	17	30000.00000000	-30000.00000000	u,Поле Брани\0	-1	-1	-1	-1	-1	-1	0.00000000	a,	0
211	243	25	17	30000.00000000	-30000.00000000	u,Поле Брани\0	-1	-1	-1	-1	-1	-1	0.00000000	a,	0
212	245	24	18	30000.00000000	-30000.00000000	u,Равнины Неистовства\0	-1	-1	-1	-1	-1	-1	0.00000000	a,	0
213	245	25	18	30000.00000000	-30000.00000000	u,Равнины Неистовства\0	-1	-1	-1	-1	-1	-1	0.00000000	a,	0
214	244	23	21	30000.00000000	-30000.00000000	u,Сад Цветов Горгон\0	-1	-1	-1	-1	-1	-1	0.00000000	a,	0
215	244	23	22	30000.00000000	-30000.00000000	u,Сад Цветов Горгон\0	-1	-1	-1	-1	-1	-1	0.00000000	a,	0
216	245	22	21	30000.00000000	-30000.00000000	u,Укрепление Бреки\0	-1	-1	-1	-1	-1	-1	0.00000000	a,	0
217	245	22	22	30000.00000000	-30000.00000000	u,Укрепление Бреки\0	-1	-1	-1	-1	-1	-1	0.00000000	a,	0
218	244	17	20	30000.00000000	-30000.00000000	u,Гнездо Пауков\0	-1	-1	-1	-1	-1	-1	0.00000000	a,	0
219	244	18	20	30000.00000000	-30000.00000000	u,Гнездо Пауков\0	-1	-1	-1	-1	-1	-1	0.00000000	a,	0
220	251	18	19	30000.00000000	-30000.00000000	u,Холм Черного Камня\0	-1	-1	-1	-1	-1	-1	0.00000000	a,	0
221	251	18	20	30000.00000000	-30000.00000000	u,Холм Черного Камня\0	-1	-1	-1	-1	-1	-1	0.00000000	a,	0
222	251	19	19	30000.00000000	-30000.00000000	u,Холм Черного Камня\0	-1	-1	-1	-1	-1	-1	0.00000000	a,	0
223	251	19	20	30000.00000000	-30000.00000000	u,Холм Черного Камня\0	-1	-1	-1	-1	-1	-1	0.00000000	a,	0
224	244	19	18	30000.00000000	-30000.00000000	u,Сад Шилен\0	-1	-1	-1	-1	-1	-1	0.00000000	a,	0
225	244	20	18	30000.00000000	-30000.00000000	u,Сад Шилен\0	-1	-1	-1	-1	-1	-1	0.00000000	a,	0
226	244	21	18	30000.00000000	-30000.00000000	u,Сад Шилен\0	-1	-1	-1	-1	-1	-1	0.00000000	a,	0
227	245	18	20	30000.00000000	-30000.00000000	u,Жертвенный Лес\0	-1	-1	-1	-1	-1	-1	0.00000000	a,	0
228	245	19	20	30000.00000000	-30000.00000000	u,Жертвенный Лес\0	-1	-1	-1	-1	-1	-1	0.00000000	a,	0
229	244	19	21	30000.00000000	-30000.00000000	u,Охотничьи Угодья Зла\0	-1	-1	-1	-1	-1	-1	0.00000000	a,	0
230	244	20	21	30000.00000000	-30000.00000000	u,Охотничьи Угодья Зла\0	-1	-1	-1	-1	-1	-1	0.00000000	a,	0
231	244	22	19	30000.00000000	-30000.00000000	u,Застава Тимак\0	-1	-1	-1	-1	-1	-1	0.00000000	a,	0
232	244	22	20	30000.00000000	-30000.00000000	u,Застава Тимак\0	-1	-1	-1	-1	-1	-1	0.00000000	a,	0
233	245	22	17	30000.00000000	-30000.00000000	u,Лес Разбойников\0	-1	-1	-1	-1	-1	-1	0.00000000	a,	0
234	245	22	18	30000.00000000	-30000.00000000	u,Лес Разбойников\0	-1	-1	-1	-1	-1	-1	0.00000000	a,	0
235	245	23	17	30000.00000000	-30000.00000000	u,Лес Разбойников\0	-1	-1	-1	-1	-1	-1	0.00000000	a,	0
236	245	23	18	30000.00000000	-30000.00000000	u,Лес Разбойников\0	-1	-1	-1	-1	-1	-1	0.00000000	a,	0
237	253	23	20	30000.00000000	-30000.00000000	u,Долина Охотников\0	-1	-1	-1	-1	-1	-1	0.00000000	a,	0
238	244	22	18	30000.00000000	-30000.00000000	u,Лес Зла\0	-1	-1	-1	-1	-1	-1	0.00000000	a,	0
239	253	22	18	30000.00000000	-30000.00000000	u,Кратер Башни Слоновой Кости\0	-1	-1	-1	-1	-1	-1	0.00000000	a,	0
240	255	22	18	-4633.00000000	-30000.00000000	u,Кратер Башни Слоновой Кости\0	-1	-1	-1	-1	-1	-1	0.00000000	a,	0
241	244	20	23	30000.00000000	-30000.00000000	u,Равнины Диона\0	-1	-1	-1	-1	-1	-1	0.00000000	a,	0
242	245	20	22	30000.00000000	-30000.00000000	u,Угодья Флорана\0	-1	-1	-1	-1	-1	-1	0.00000000	a,	0
243	245	20	23	30000.00000000	-30000.00000000	u,Угодья Флорана\0	-1	-1	-1	-1	-1	-1	0.00000000	a,	0
244	243	20	22	30000.00000000	-30000.00000000	u,Холмы Диона\0	-1	-1	-1	-1	-1	-1	0.00000000	a,	0
245	243	21	22	30000.00000000	-30000.00000000	u,Холмы Диона\0	-1	-1	-1	-1	-1	-1	0.00000000	a,	0
246	245	19	22	30000.00000000	-30000.00000000	u,Поместье Виндавуд\0	-1	-1	-1	-1	-1	-1	0.00000000	a,	0
247	245	19	23	30000.00000000	-30000.00000000	u,Поместье Виндавуд\0	-1	-1	-1	-1	-1	-1	0.00000000	a,	0
248	245	19	24	30000.00000000	-30000.00000000	u,Застава Гноллов\0	-1	-1	-1	-1	-1	-1	0.00000000	a,	0
249	245	17	20	30000.00000000	-30000.00000000	u,Охотничьи Угодья Фельмер\0	-1	-1	-1	-1	-1	-1	0.00000000	a,	0
250	245	17	21	30000.00000000	-30000.00000000	u,Охотничьи Угодья Фельмер\0	-1	-1	-1	-1	-1	-1	0.00000000	a,	0
251	245	18	21	30000.00000000	-30000.00000000	u,Охотничьи Угодья Фельмер\0	-1	-1	-1	-1	-1	-1	0.00000000	a,	0
252	251	18	21	30000.00000000	-30000.00000000	u,Вход в Руины\0	-1	-1	-1	-1	-1	-1	0.00000000	a,	0
253	251	18	22	30000.00000000	-30000.00000000	u,Вход в Руины\0	-1	-1	-1	-1	-1	-1	0.00000000	a,	0
254	251	19	22	30000.00000000	-30000.00000000	u,Вход в Руины\0	-1	-1	-1	-1	-1	-1	0.00000000	a,	0
255	244	17	22	30000.00000000	-30000.00000000	u,Холм Ветряных Мельниц\0	-1	-1	-1	-1	-1	-1	0.00000000	a,	0
256	244	17	23	30000.00000000	-30000.00000000	u,Холм Ветряных Мельниц\0	-1	-1	-1	-1	-1	-1	0.00000000	a,	0
257	244	18	22	30000.00000000	-30000.00000000	u,Холм Ветряных Мельниц\0	-1	-1	-1	-1	-1	-1	0.00000000	a,	0
258	244	18	23	30000.00000000	-30000.00000000	u,Холм Ветряных Мельниц\0	-1	-1	-1	-1	-1	-1	0.00000000	a,	0
259	244	16	24	30000.00000000	-30000.00000000	u,Говорящий Остров (север)\0	-1	-1	-1	-1	-1	-1	0.00000000	a,	0
260	244	16	25	30000.00000000	-30000.00000000	u,Говорящий Остров (север)\0	-1	-1	-1	-1	-1	-1	0.00000000	a,	0
261	244	16	26	30000.00000000	-30000.00000000	u,Говорящий Остров (север)\0	-1	-1	-1	-1	-1	-1	0.00000000	a,	0
262	245	17	24	30000.00000000	-30000.00000000	u,Говорящий Остров (восток)\0	-1	-1	-1	-1	-1	-1	0.00000000	a,	0
263	245	17	25	30000.00000000	-30000.00000000	u,Говорящий Остров (восток)\0	-1	-1	-1	-1	-1	-1	0.00000000	a,	0
264	245	17	26	30000.00000000	-30000.00000000	u,Говорящий Остров (восток)\0	-1	-1	-1	-1	-1	-1	0.00000000	a,	0
265	245	18	25	30000.00000000	-30000.00000000	u,Говорящий Остров (восток)\0	-1	-1	-1	-1	-1	-1	0.00000000	a,	0
266	245	18	26	30000.00000000	-30000.00000000	u,Говорящий Остров (восток)\0	-1	-1	-1	-1	-1	-1	0.00000000	a,	0
267	251	20	23	30000.00000000	-30000.00000000	u,Арена Диона\0	-1	-1	-1	-1	-1	-1	0.00000000	a,	0
268	16	0	0	30000.00000000	-30000.00000000	u,Земли Годдарда\0	-1	-1	-1	-1	-1	-1	0.00000000	a,	0
269	255	24	16	30000.00000000	-30000.00000000	u,Годдард\0	1565	1038	140256	-64320	1024	1024	0.05000000	a,map_godard_castle_town\0	0
270	254	24	16	30000.00000000	-30000.00000000	u,Замок Годдард\0	-1	-1	-1	-1	-1	-1	0.00000000	a,	0
271	253	24	16	30000.00000000	-30000.00000000	u,Сад Чудовищ\0	-1	-1	-1	-1	-1	-1	0.00000000	a,	0
272	255	24	14	30000.00000000	-30000.00000000	u,Горячие Источники\0	-1	-1	-1	-1	-1	-1	0.00000000	a,	0
273	254	25	14	-1910.00000000	-4268.00000000	u,Кузница Богов, Верхний Уровень\0	-1	-1	-1	-1	-1	-1	0.00000000	a,	0
274	254	25	14	-4270.00000000	-300000.00000000	u,Кузница Богов, Нижний Уровень\0	-1	-1	-1	-1	-1	-1	0.00000000	a,	0
275	254	25	14	30000.00000000	-1900.00000000	u,Зал Пламени\0	-1	-1	-1	-1	-1	-1	0.00000000	a,	0
276	254	26	14	30000.00000000	-30000.00000000	u,Логово Валакаса\0	-1	-1	-1	-1	-1	-1	0.00000000	a,	0
277	255	24	15	30000.00000000	-30000.00000000	u,Застава Орков Кетра\0	-1	-1	-1	-1	-1	-1	0.00000000	a,	0
278	255	25	15	30000.00000000	-30000.00000000	u,Гробница Императоров\0	-1	-1	-1	-1	-1	-1	0.00000000	a,	0
279	247	25	15	30000.00000000	-4400.00000000	u,Гробница Императоров\0	-1	-1	-1	-1	-1	-1	0.00000000	a,	0
280	254	25	15	30000.00000000	-30000.00000000	u,Храм Паломников\0	-1	-1	-1	-1	-1	-1	0.00000000	a,	0
281	252	25	15	30000.00000000	-30000.00000000	u,Гробница Завоевателей\0	-1	-1	-1	-1	-1	-1	0.00000000	a,	0
282	251	25	15	30000.00000000	-30000.00000000	u,Гробница Правителей\0	-1	-1	-1	-1	-1	-1	0.00000000	a,	0
283	249	25	15	-5600.00000000	-30000.00000000	u,Гробница Великих Мудрецов\0	-1	-1	-1	-1	-1	-1	0.00000000	a,	0
284	250	25	15	-5600.00000000	-30000.00000000	u,Гробница Судей\0	-1	-1	-1	-1	-1	-1	0.00000000	a,	0
285	247	25	15	-5600.00000000	-30000.00000000	u,Гробница Судей\0	-1	-1	-1	-1	-1	-1	0.00000000	a,	0
286	253	25	15	30000.00000000	-30000.00000000	u,Четыре Гробницы\0	-1	-1	-1	-1	-1	-1	0.00000000	a,	0
287	255	25	16	30000.00000000	-30000.00000000	u,Стена Аргоса\0	-1	-1	-1	-1	-1	-1	0.00000000	a,	0
288	254	25	16	30000.00000000	-30000.00000000	u,Усыпальница Верности\0	-1	-1	-1	-1	-1	-1	0.00000000	a,	0
289	255	23	16	30000.00000000	-30000.00000000	u,Лагерь Фавнов Варка\0	-1	-1	-1	-1	-1	-1	0.00000000	a,	0
290	17	0	0	30000.00000000	-30000.00000000	u,Земли Руны\0	-1	-1	-1	-1	-1	-1	0.00000000	a,	0
291	254	21	16	30000.00000000	-30000.00000000	u,Руна\0	1016	1062	29760	-55808	1024	1024	0.05000000	a,map_rune_village\0	0
292	253	21	16	30000.00000000	-30000.00000000	u,Гавань Руны\0	-1	-1	-1	-1	-1	-1	0.00000000	a,	0
293	253	21	15	30000.00000000	-30000.00000000	u,Водопад Хвост Ветра\0	-1	-1	-1	-1	-1	-1	0.00000000	a,	0
294	255	21	15	30000.00000000	-30000.00000000	u,Ферма Диких Зверей\0	-1	-1	-1	-1	-1	-1	0.00000000	a,	0
295	254	22	15	30000.00000000	-30000.00000000	u,Долина Святых\0	-1	-1	-1	-1	-1	-1	0.00000000	a,	0
296	254	21	15	30000.00000000	-30000.00000000	u,Долина Святых\0	-1	-1	-1	-1	-1	-1	0.00000000	a,	0
297	254	23	15	30000.00000000	-30000.00000000	u,Долина Святых\0	-1	-1	-1	-1	-1	-1	0.00000000	a,	0
298	255	21	16	30000.00000000	-30000.00000000	u,Лес Неупокоенных\0	-1	-1	-1	-1	-1	-1	0.00000000	a,	0
299	253	22	16	30000.00000000	-3490.00000000	u,Болото Криков\0	-1	-1	-1	-1	-1	-1	0.00000000	a,	0
300	253	22	15	30000.00000000	-3490.00000000	u,Болото Криков\0	-1	-1	-1	-1	-1	-1	0.00000000	a,	0
301	253	23	16	30000.00000000	-3490.00000000	u,Болото Криков\0	-1	-1	-1	-1	-1	-1	0.00000000	a,	0
302	252	23	16	30000.00000000	-30000.00000000	u,Ущелье Дьявола\0	-1	-1	-1	-1	-1	-1	0.00000000	a,	0
303	249	16	12	30000.00000000	-30000.00000000	u,Разлом Между Мирами\0	-1	-1	-1	-1	-1	-1	0.00000000	a,	0
304	255	25	14	30000.00000000	-30000.00000000	u,Кузница Богов, Верхний Уровень\0	-1	-1	-1	-1	-1	-1	0.00000000	a,	0
305	255	25	20	30000.00000000	-30000.00000000	u,Лес Зеркал\0	-1	-1	-1	-1	-1	-1	0.00000000	a,	0
306	253	19	23	-3700.00000000	-30000.00000000	u,Муравьиный Инкубатор\0	-1	-1	-1	-1	-1	-1	0.00000000	a,	0
307	253	19	23	30000.00000000	-4400.00000000	u,Пустошь\0	-1	-1	-1	-1	-1	-1	0.00000000	a,	0
308	251	21	21	30000.00000000	-30000.00000000	u,Долина Смерти\0	-1	-1	-1	-1	-1	-1	0.00000000	a,	0
309	251	23	21	30000.00000000	-30000.00000000	u,Долина Смерти\0	-1	-1	-1	-1	-1	-1	0.00000000	a,	0
310	252	21	16	30000.00000000	-30000.00000000	u,Проклятая Деревня\0	-1	-1	-1	-1	-1	-1	0.00000000	a,	0
311	18	0	0	30000.00000000	-30000.00000000	u,Олимпийский Стадион\0	-1	-1	-1	-1	-1	-1	0.00000000	a,	0
312	254	23	16	30000.00000000	-30000.00000000	u,Деревня Фавнов Варка\0	-1	-1	-1	-1	-1	-1	0.00000000	a,	0
313	253	24	15	30000.00000000	-30000.00000000	u,Деревня Орков Кетра\0	-1	-1	-1	-1	-1	-1	0.00000000	a,	0
314	254	23	21	30000.00000000	-30000.00000000	u,Академия Хардина\0	-1	-1	-1	-1	-1	-1	0.00000000	a,	0
315	249	20	16	30000.00000000	-1300.00000000	u,Замок Руна\0	-1	-1	-1	-1	-1	-1	0.00000000	a,	0
316	246	19	16	-5600.00000000	-30000.00000000	u,Языческий Храм\0	-1	-1	-1	-1	-1	-1	0.00000000	a,	0
317	253	22	16	-3500.00000000	-30000.00000000	u,Гнездо Стакато\0	-1	-1	-1	-1	-1	-1	0.00000000	a,	0
318	246	22	16	30000.00000000	-30000.00000000	u,Гнездо Стакато\0	-1	-1	-1	-1	-1	-1	0.00000000	a,	0
319	246	23	15	-850.00000000	-30000.00000000	u,Монастырь Безмолвия\0	-1	-1	-1	-1	-1	-1	0.00000000	a,	0
320	241	23	15	1000.00000000	-30000.00000000	u,Монастырь Безмолвия\0	-1	-1	-1	-1	-1	-1	0.00000000	a,	0
321	244	25	15	-4500.00000000	-5500.00000000	u,Гробница Последнего Императора\0	-1	-1	-1	-1	-1	-1	0.00000000	a,	0
322	254	24	14	30000.00000000	-30000.00000000	u,Дворец Радужных Источников\0	-1	-1	-1	-1	-1	-1	0.00000000	a,	0
323	222	21	15	30000.00000000	-30000.00000000	u,Загон Диких Зверей\0	-1	-1	-1	-1	-1	-1	0.00000000	a,	0
324	235	21	17	30000.00000000	-30000.00000000	u,Крепость Неупокоенных\0	-1	-1	-1	-1	-1	-1	0.00000000	a,	0
325	239	22	13	30000.00000000	-30000.00000000	u,Замок Шутгарт\0	-1	-1	-1	-1	-1	-1	0.00000000	a,	0
326	210	22	13	30000.00000000	-30000.00000000	u,Шутгарт\0	1268	605	77344	-147392	1024	1024	0.05000000	a,map_town_of_schuttgart\0	0
327	235	21	14	30000.00000000	-30000.00000000	u,Долина Лордов\0	-1	-1	-1	-1	-1	-1	0.00000000	a,	0
328	249	23	12	30000.00000000	-30000.00000000	u,Проход к Рудникам\0	-1	-1	-1	-1	-1	-1	0.00000000	a,	0
329	207	23	13	30000.00000000	-30000.00000000	u,Разграбленные Равнины\0	-1	-1	-1	-1	-1	-1	0.00000000	a,	0
330	244	23	14	30000.00000000	-30000.00000000	u,Ледяной Лабиринт\0	-1	-1	-1	-1	-1	-1	0.00000000	a,	0
331	247	23	14	30000.00000000	-30000.00000000	u,Замок Снежной Королевы\0	-1	-1	-1	-1	-1	-1	0.00000000	a,	0
332	253	22	14	30000.00000000	-30000.00000000	u,Заброшенная Мастерская\0	-1	-1	-1	-1	-1	-1	0.00000000	a,	0
333	231	22	14	30000.00000000	-30000.00000000	u,Проход Карона\0	-1	-1	-1	-1	-1	-1	0.00000000	a,	0
334	218	22	14	30000.00000000	-30000.00000000	u,Логово Зла\0	-1	-1	-1	-1	-1	-1	0.00000000	a,	0
335	251	21	14	30000.00000000	-30000.00000000	u,Склепы Позора\0	-1	-1	-1	-1	-1	-1	0.00000000	a,	0
336	209	22	14	30000.00000000	-30000.00000000	u,Древняя Лаборатория\0	-1	-1	-1	-1	-1	-1	0.00000000	a,	0
337	249	23	14	30000.00000000	-30000.00000000	u,Замерзшее Озеро\0	-1	-1	-1	-1	-1	-1	0.00000000	a,	0
338	214	23	13	30000.00000000	-30000.00000000	u,Руины Воздушной Дороги\0	-1	-1	-1	-1	-1	-1	0.00000000	a,	0
339	247	25	15	-4500.00000000	-5500.00000000	u,Гробница Последнего Императора\0	-1	-1	-1	-1	-1	-1	0.00000000	a,	0
340	244	25	15	-5600.00000000	-30000.00000000	u,Гробница Великих Мудрецов\0	-1	-1	-1	-1	-1	-1	0.00000000	a,	0
341	250	25	15	-4500.00000000	-5500.00000000	u,Гробница Последнего Императора\0	-1	-1	-1	-1	-1	-1	0.00000000	a,	0
342	247	21	14	30000.00000000	-30000.00000000	u,Укрытие Грабителей Могил\0	-1	-1	-1	-1	-1	-1	0.00000000	a,	0
343	247	23	13	30000.00000000	-30000.00000000	u,Железнодорожная Станция\0	-1	-1	-1	-1	-1	-1	0.00000000	a,	0
345	207	23	12	30000.00000000	-30000.00000000	u,Разграбленные Равнины\0	-1	-1	-1	-1	-1	-1	0.00000000	a,	0
346	255	20	14	29998.00000000	-3900.00000000	u,Земли Шутгарта\0	-1	-1	-1	-1	-1	-1	0.00000000	a,	0
347	252	23	14	30000.00000000	-30000.00000000	u,Хижина Торговца Льдом\0	-1	-1	-1	-1	-1	-1	0.00000000	a,	0
348	240	23	13	30000.00000000	-30000.00000000	u,Бандитская Твердыня\0	-1	-1	-1	-1	-1	-1	0.00000000	a,	0
349	250	21	21	30000.00000000	-30000.00000000	u,Укрепление Партизан\0	-1	-1	-1	-1	-1	-1	0.00000000	a,	0
350	247	23	17	30000.00000000	-30000.00000000	u,Западная Пограничная Застава\0	-1	-1	-1	-1	-1	-1	0.00000000	a,	0
351	19	0	0	30000.00000000	-30000.00000000	u,Плато Бессмертия\0	-1	-1	-1	-1	-1	-1	0.00000000	a,	0
352	20	0	0	30000.00000000	-30000.00000000	u,Горный Хребет\0	-1	-1	-1	-1	-1	-1	0.00000000	a,	0
353	251	24	17	30000.00000000	-30000.00000000	u,Восточная Пограничная Застава\0	-1	-1	-1	-1	-1	-1	0.00000000	a,	0
354	253	22	20	30000.00000000	-30000.00000000	u,Луга Небесной Тени\0	-1	-1	-1	-1	-1	-1	0.00000000	a,	0
355	242	20	17	30000.00000000	-30000.00000000	u,Первобытная Равнина\0	-1	-1	-1	-1	-1	-1	0.00000000	a,	0
356	253	20	17	30000.00000000	-30000.00000000	u,Затерянное Гнездо\0	-1	-1	-1	-1	-1	-1	0.00000000	a,	0
357	254	20	17	30000.00000000	-30000.00000000	u,Первобытный Остров\0	-1	-1	-1	-1	-1	-1	0.00000000	a,	0
358	251	18	10	-5000.00000000	-30000.00000000	u,Катакомбы Еретиков\0	-1	-1	-1	-1	-1	-1	0.00000000	a,	0
359	251	19	10	-5000.00000000	-30000.00000000	u,Катакомбы Отступников\0	-1	-1	-1	-1	-1	-1	0.00000000	a,	0
360	251	20	10	-5000.00000000	-30000.00000000	u,Катакомбы Запретного Пути\0	-1	-1	-1	-1	-1	-1	0.00000000	a,	0
361	246	20	17	30000.00000000	-30000.00000000	u,Пристань Первобытного Острова\0	-1	-1	-1	-1	-1	-1	0.00000000	a,	0
362	250	20	17	30000.00000000	-30000.00000000	u,Логово Сэйлрена\0	-1	-1	-1	-1	-1	-1	0.00000000	a,	0
364	21	20	25	30000.00000000	-30000.00000000	u,Остров Ада\0	1976	2620	-35600	217400	1024	1024	0.01440000	a,map_hellbound\0	0
365	255	20	25	30000.00000000	-30000.00000000	u,Стальная Цитадель\0	1976	2620	-35600	217400	1024	1024	0.01440000	a,map_hellbound\0	0
366	255	20	26	-5870.00000000	-10600.00000000	u,Стальная Цитадель\0	1976	2620	-35600	217400	1024	1024	0.01440000	a,map_hellbound\0	0
367	254	19	25	30000.00000000	-30000.00000000	u,Волшебные Мегалиты\0	1976	2620	-35600	217400	1024	1024	0.01440000	a,map_hellbound\0	0
368	253	19	25	30000.00000000	-30000.00000000	u,Затерянный Оазис\0	1976	2620	-35600	217400	1024	1024	0.01440000	a,map_hellbound\0	0
369	252	19	25	30000.00000000	-30000.00000000	u,Развалины Древнего Храма\0	1976	2620	-35600	217400	1024	1024	0.01440000	a,map_hellbound\0	0
370	251	19	25	30000.00000000	-30000.00000000	u,Песчаные Дюны\0	1976	2620	-35600	217400	1024	1024	0.01440000	a,map_hellbound\0	0
371	250	19	25	30000.00000000	-30000.00000000	u,Лагерь Каравана\0	1976	2620	-35600	217400	1024	1024	0.01440000	a,map_hellbound\0	0
372	249	19	25	30000.00000000	-30000.00000000	u,Каменоломни Ада\0	1976	2620	-35600	217400	1024	1024	0.01440000	a,map_hellbound\0	0
373	242	20	25	30000.00000000	-30000.00000000	u,Разоренные Земли\0	1976	2620	-35600	217400	1024	1024	0.01440000	a,map_hellbound\0	0
374	247	20	25	30000.00000000	-30000.00000000	u,Застава Стальной Цитадели\0	1976	2620	-35600	217400	1024	1024	0.01440000	a,map_hellbound\0	0
375	246	20	25	30000.00000000	-30000.00000000	u,Аномическая Литейная\0	1976	2620	-35600	217400	1024	1024	0.01440000	a,map_hellbound\0	0
376	245	20	25	30000.00000000	9500.00000000	u,Башня Вечности\0	1976	2620	-35600	217400	1024	1024	0.01440000	a,map_hellbound\0	0
377	244	20	25	30000.00000000	9500.00000000	u,Мастерская Тулли\0	1976	2620	-35600	217400	1024	1024	0.01440000	a,map_hellbound\0	0
378	243	20	25	30000.00000000	9500.00000000	u,Башня Найя\0	1976	2620	-35600	217400	1024	1024	0.01440000	a,map_hellbound\0	0
379	255	20	25	9500.00000000	-30000.00000000	u,Стальная Цитадель\0	1976	2620	-35600	217400	1024	1024	0.01440000	a,map_hellbound\0	0
380	255	20	25	9500.00000000	-30000.00000000	u,Стальная Цитадель\0	1976	2620	-35600	217400	1024	1024	0.01440000	a,map_hellbound\0	0
381	255	20	25	9500.00000000	-30000.00000000	u,Стальная Цитадель\0	1976	2620	-35600	217400	1024	1024	0.01440000	a,map_hellbound\0	0
383	22	23	22	30000.00000000	-30000.00000000	u,Кристальный Остров\0	-1	-1	-1	-1	-1	-1	0.00000000	a,	0
384	255	24	22	-11000.00000000	-13000.00000000	u,Хрустальный Лабиринт\0	-1	-1	-1	-1	-1	-1	0.00000000	a,	0
385	255	24	22	30000.00000000	-11000.00000000	u,Кристальный Остров\0	-1	-1	-1	-1	-1	-1	0.00000000	a,	0
386	254	24	22	30000.00000000	-5000.00000000	u,Цветное Нагорье\0	-1	-1	-1	-1	-1	-1	0.00000000	a,	0
387	253	24	23	-5750.00000000	-6210.00000000	u,Особняк Темного Облака\0	-1	-1	-1	-1	-1	-1	0.00000000	a,	0
388	253	24	23	30000.00000000	-5750.00000000	u,Кристальный Остров\0	-1	-1	-1	-1	-1	-1	0.00000000	a,	0
389	252	24	23	30000.00000000	-5000.00000000	u,Коралловый Риф\0	-1	-1	-1	-1	-1	-1	0.00000000	a,	0
390	251	24	23	30000.00000000	-1015.00000000	u,Парнас\0	-1	-1	-1	-1	-1	-1	0.00000000	a,	0
391	251	24	23	-1015.00000000	-30000.00000000	u,Кристальный Остров\0	-1	-1	-1	-1	-1	-1	0.00000000	a,	0
392	253	24	22	-5000.00000000	-16000.00000000	u,Особняк Темного Облака\0	-1	-1	-1	-1	-1	-1	0.00000000	a,	0
393	253	24	22	30000.00000000	-5000.00000000	u,Кристальный Остров\0	-1	-1	-1	-1	-1	-1	0.00000000	a,	0
394	250	24	22	-9000.00000000	-16000.00000000	u,Перламутровый Зал\0	-1	-1	-1	-1	-1	-1	0.00000000	a,	0
395	250	24	22	30000.00000000	-9000.00000000	u,Кристальный Остров\0	-1	-1	-1	-1	-1	-1	0.00000000	a,	0
396	249	24	22	-7400.00000000	-16000.00000000	u,Огненный коридор\0	-1	-1	-1	-1	-1	-1	0.00000000	a,	0
397	249	24	22	30000.00000000	-7400.00000000	u,Цветное Нагорье\0	-1	-1	-1	-1	-1	-1	0.00000000	a,	0
398	246	24	22	-11000.00000000	-16000.00000000	u,Подводный Сад\0	-1	-1	-1	-1	-1	-1	0.00000000	a,	0
399	246	24	22	30000.00000000	-10000.00000000	u,Кристальный Остров\0	-1	-1	-1	-1	-1	-1	0.00000000	a,	0
400	245	24	22	-14500.00000000	-16000.00000000	u,Подводный Сад\0	-1	-1	-1	-1	-1	-1	0.00000000	a,	0
401	245	24	22	-9000.00000000	-13000.00000000	u,Перламутровый Зал\0	-1	-1	-1	-1	-1	-1	0.00000000	a,	0
402	245	24	22	30000.00000000	-8500.00000000	u,Кристальный Остров\0	-1	-1	-1	-1	-1	-1	0.00000000	a,	0
406	23	17	20	30000.00000000	-30000.00000000	u,Остров Душ: Дистопия\0	-1	-1	-1	-1	-1	-1	0.00000000	a,	0
407	253	16	19	30000.00000000	-30000.00000000	u,Остров Душ\0	-1	-1	-1	-1	-1	-1	0.00000000	a,	0
408	253	17	19	30000.00000000	-30000.00000000	u,Остров Душ\0	-1	-1	-1	-1	-1	-1	0.00000000	a,	0
409	255	16	19	30000.00000000	-30000.00000000	u,Деревня Камаэль\0	251	1522	-127366	35800	1024	1024	0.05300000	a,map_kamael_village\0	0
410	255	17	19	-3650.00000000	-5400.00000000	u,Подземелье Норнил\0	406	1516	-94215	39750	1024	1024	0.04900000	a,dungeon_map_nornil_cave\0	0
411	255	17	19	30000.00000000	-3650.00000000	u,Лес Мимира\0	-1	-1	-1	-1	-1	-1	0.00000000	a,	0
412	255	16	20	-6730.00000000	-15700.00000000	u,Сад Норнил\0	405	1600	-124450	71670	1024	1024	0.05000000	a,dungeon_map_nornil_garden\0	0
413	255	16	20	30000.00000000	-6730.00000000	u,Золотые Холмы\0	-1	-1	-1	-1	-1	-1	0.00000000	a,	0
414	254	16	19	3300.00000000	-430.00000000	u,Пещера Душ\0	-1	-1	-1	-1	-1	-1	0.00000000	a,	0
415	254	16	19	30000.00000000	3300.00000000	u,Остров Душ\0	-1	-1	-1	-1	-1	-1	0.00000000	a,	0
416	254	16	19	-430.00000000	-30000.00000000	u,Остров Душ\0	-1	-1	-1	-1	-1	-1	0.00000000	a,	0
417	252	16	19	30000.00000000	-30000.00000000	u,Лес Мимира\0	-1	-1	-1	-1	-1	-1	0.00000000	a,	0
418	252	17	19	30000.00000000	-30000.00000000	u,Лес Мимира\0	-1	-1	-1	-1	-1	-1	0.00000000	a,	0
419	251	16	19	30000.00000000	-30000.00000000	u,Золотые Холмы\0	-1	-1	-1	-1	-1	-1	0.00000000	a,	0
420	251	16	20	30000.00000000	-30000.00000000	u,Золотые Холмы\0	-1	-1	-1	-1	-1	-1	0.00000000	a,	0
421	251	17	19	30000.00000000	-30000.00000000	u,Золотые Холмы\0	-1	-1	-1	-1	-1	-1	0.00000000	a,	0
422	205	18	22	30000.00000000	-30000.00000000	u,Ветхая Крепость\0	564	2111	-62336	143104	1024	1024	0.05000000	a,fortress_18_22\0	0
423	205	19	24	30000.00000000	-30000.00000000	u,Южная Крепость\0	717	2434	-31968	208608	1024	1024	0.05000000	a,fortress_19_24\0	0
424	205	20	23	30000.00000000	-30000.00000000	u,Крепость Улья\0	916	2252	10848	175968	1024	1024	0.05000000	a,fortress_20_23\0	0
425	205	23	21	30000.00000000	-30000.00000000	u,Драконья Крепость\0	1457	1948	110432	110432	1024	1024	0.05000000	a,fortress_23_21\0	0
426	205	22	18	30000.00000000	-30000.00000000	u,Крепость Слоновой Кости\0	1207	1322	68864	480	1024	1024	0.05000000	a,fortress_22_18\0	0
427	205	24	19	30000.00000000	-30000.00000000	u,Крепость Нарсилл\0	1614	1594	143168	44864	1024	1024	0.05000000	a,fortress_24_19\0	0
428	205	25	19	30000.00000000	-30000.00000000	u,Крепость Гигантов\0	1791	1513	175968	34720	1024	1024	0.05000000	a,fortress_25_19\0	0
429	205	23	24	30000.00000000	-30000.00000000	u,Крепость Белых Песков\0	1424	2343	110432	201024	1024	1024	0.05000000	a,fortress_23_24\0	0
430	205	24	15	30000.00000000	-30000.00000000	u,Крепость Пограничья\0	1636	973	143168	-86208	1024	1024	0.05000000	a,fortress_24_15\0	0
431	205	22	16	30000.00000000	-30000.00000000	u,Крепость Болота\0	1175	1015	65856	-65344	1024	1024	0.05000000	a,fortress_22_16\0	0
432	205	23	13	30000.00000000	-30000.00000000	u,Заснеженная Крепость\0	1371	621	102304	-151840	1024	1024	0.05000000	a,fortress_23_13\0	0
433	205	20	22	30000.00000000	-30000.00000000	u,Крепость Флоран\0	841	2034	608	142944	1024	1024	0.05000000	a,fortress_20_22\0	0
434	205	18	20	30000.00000000	-30000.00000000	u,Крепость Туманных Гор\0	559	1783	-63296	77184	1024	1024	0.05000000	a,fortress_18_20\0	0
435	205	21	22	30000.00000000	-30000.00000000	u,Крепость Танор\0	1124	2028	44800	133408	1024	1024	0.05000000	a,fortress_21_22\0	0
436	205	20	20	30000.00000000	-30000.00000000	u,Крепость Черепахи\0	924	1791	1408	77632	1024	1024	0.05000000	a,fortress_20_20\0	0
437	205	22	20	30000.00000000	-30000.00000000	u,Крепость Антараса\0	1229	1785	69184	77088	1024	1024	0.05000000	a,fortress_22_20\0	0
438	205	23	17	30000.00000000	-1100.00000000	u,Западная Крепость\0	1406	1172	103776	-20736	1024	1024	0.05000000	a,fortress_23_17\0	0
439	205	23	20	30000.00000000	-30000.00000000	u,Крепость Охотников\0	1460	1803	110400	77536	1024	1024	0.05000000	a,fortress_23_20\0	0
440	205	22	23	30000.00000000	-30000.00000000	u,Крепость Аару\0	1168	2253	65984	175008	1024	1024	0.05000000	a,fortress_22_23\0	0
441	205	23	16	30000.00000000	-30000.00000000	u,Крепость Демона\0	1329	1056	98624	-61920	1024	1024	0.05000000	a,fortress_23_16\0	0
442	205	22	15	30000.00000000	-30000.00000000	u,Крепость Монахов\0	1185	852	68032	-98112	1024	1024	0.05000000	a,fortress_22_15\0	0
443	240	20	16	-1300.00000000	-30000.00000000	u,Подземный Лагерь\0	-1	-1	-1	-1	-1	-1	0.00000000	a,	0
444	205	23	17	-1100.00000000	-30000.00000000	u,Западная Пограничная Застава\0	-1	-1	-1	-1	-1	-1	0.00000000	a,	0
445	250	16	20	30000.00000000	-6000.00000000	u,Алтарь Золота\0	-1	-1	-1	-1	-1	-1	0.00000000	a,	0
446	250	17	19	30000.00000000	-3000.00000000	u,Алтарь Мимира\0	-1	-1	-1	-1	-1	-1	0.00000000	a,	0
447	249	17	19	30000.00000000	-3000.00000000	u,Алтарь Норнил\0	-1	-1	-1	-1	-1	-1	0.00000000	a,	0
451	24	18	16	30000.00000000	-4500.00000000	u,Остров Грез\0	-1	-1	-1	-1	-1	-1	0.00000000	a,	0
452	255	17	16	-5500.00000000	-13800.00000000	u,Подземный Зал Боев\0	-1	-1	-1	-1	-1	-1	0.00000000	a,	0
453	255	19	26	-6500.00000000	-15500.00000000	u,Башня Вечности\0	-1	-1	-1	-1	-1	-1	0.00000000	a,	0
454	254	19	26	-6500.00000000	-15500.00000000	u,Башня Вечности\0	-1	-1	-1	-1	-1	-1	0.00000000	a,	0
455	253	19	26	-7500.00000000	-15500.00000000	u,Мастерская Тулли\0	-1	-1	-1	-1	-1	-1	0.00000000	a,	0
456	252	19	26	-8500.00000000	-13500.00000000	u,Мастерская Тулли\0	-1	-1	-1	-1	-1	-1	0.00000000	a,	0
457	255	18	25	-5000.00000000	-30000.00000000	u,Башня Найя\0	-1	-1	-1	-1	-1	-1	0.00000000	a,	0
458	255	20	24	-5000.00000000	-12000.00000000	u,Башня Найя\0	-1	-1	-1	-1	-1	-1	0.00000000	a,	0
459	254	21	25	-5500.00000000	-6800.00000000	u,Подземный Лагерь\0	-1	-1	-1	-1	-1	-1	0.00000000	a,	0
460	255	17	11	-6500.00000000	-8500.00000000	u,Камалока, Зал Бездны\0	-1	-1	-1	-1	-1	-1	0.00000000	a,	0
461	255	18	11	-6500.00000000	-8500.00000000	u,Камалока, Зал Бездны\0	-1	-1	-1	-1	-1	-1	0.00000000	a,	0
462	255	19	11	-6500.00000000	-8500.00000000	u,Камалока, Зал Бездны\0	-1	-1	-1	-1	-1	-1	0.00000000	a,	0
463	255	20	11	-6500.00000000	-8500.00000000	u,Окрестности Камалоки, Зал Кошмаров\0	-1	-1	-1	-1	-1	-1	0.00000000	a,	0
464	255	21	11	-7000.00000000	-9000.00000000	u,Окрестности Камалоки, Зал Кошмаров\0	-1	-1	-1	-1	-1	-1	0.00000000	a,	0
465	254	17	11	-6500.00000000	-8500.00000000	u,Земли Камалоки, Зал Бездны\0	-1	-1	-1	-1	-1	-1	0.00000000	a,	0
466	254	18	11	-6500.00000000	-8500.00000000	u,Земли Камалоки, Зал Бездны\0	-1	-1	-1	-1	-1	-1	0.00000000	a,	0
467	252	19	23	-4200.00000000	-5100.00000000	u,Муравейник\0	-1	-1	-1	-1	-1	-1	0.00000000	a,	0
468	255	17	12	30000.00000000	-30000.00000000	u,Камалока, Лабиринт Бездны\0	-1	-1	-1	-1	-1	-1	0.00000000	a,	0
469	255	18	12	30000.00000000	-30000.00000000	u,Камалока, Лабиринт Бездны\0	-1	-1	-1	-1	-1	-1	0.00000000	a,	0
470	255	19	12	30000.00000000	-30000.00000000	u,Камалока, Лабиринт Бездны\0	-1	-1	-1	-1	-1	-1	0.00000000	a,	0
471	255	20	12	30000.00000000	-30000.00000000	u,Камалока, Лабиринт Бездны\0	-1	-1	-1	-1	-1	-1	0.00000000	a,	0
472	255	22	11	30000.00000000	-30000.00000000	u,Остров Дьявола\0	-1	-1	-1	-1	-1	-1	0.00000000	a,	0
473	254	22	11	30000.00000000	-30000.00000000	u,Тоннель Пиратов\0	-1	-1	-1	-1	-1	-1	0.00000000	a,	0
474	254	17	15	-5000.00000000	-10000.00000000	u,Куб Кратеи\0	-1	-1	-1	-1	-1	-1	0.00000000	a,	0
475	254	17	17	-5000.00000000	-10000.00000000	u,Куб Кратеи\0	-1	-1	-1	-1	-1	-1	0.00000000	a,	0
476	254	18	15	-5000.00000000	-10000.00000000	u,Куб Кратеи\0	-1	-1	-1	-1	-1	-1	0.00000000	a,	0
477	27	0	0	30000.00000000	-30000.00000000	u,Семя Разрушения\0	-1	-1	-1	-1	-1	-1	0.00000000	a,	1
478	26	0	0	30000.00000000	-30000.00000000	u,Семя Бессмертия\0	-1	-1	-1	-1	-1	-1	0.00000000	a,	1
479	255	12	24	-8000.00000000	-15000.00000000	u,Трон Дракона\0	-1	-1	-1	-1	-1	-1	0.00000000	a,	1
480	254	12	24	-8000.00000000	-15000.00000000	u,Крепость Разрушения\0	-1	-1	-1	-1	-1	-1	0.00000000	a,	1
481	253	12	24	-8000.00000000	-15000.00000000	u,Ущелье Дозорных\0	-1	-1	-1	-1	-1	-1	0.00000000	a,	1
482	252	12	24	-8000.00000000	-15000.00000000	u,Центральная Площадь\0	-1	-1	-1	-1	-1	-1	0.00000000	a,	1
483	251	12	24	-8000.00000000	-15000.00000000	u,Врата Разрушения\0	-1	-1	-1	-1	-1	-1	0.00000000	a,	1
484	255	14	24	-10600.00000000	-13100.00000000	u,Врата Смерти\0	-1	-1	-1	-1	-1	-1	0.00000000	a,	1
485	254	14	24	-7000.00000000	-10600.00000000	u,Зал Страданий\0	-1	-1	-1	-1	-1	-1	0.00000000	a,	1
486	254	14	24	-10600.00000000	-13100.00000000	u,Зал Гибели\0	-1	-1	-1	-1	-1	-1	0.00000000	a,	1
487	254	14	24	-13100.00000000	-16500.00000000	u,Источник Бессмертия\0	-1	-1	-1	-1	-1	-1	0.00000000	a,	1
488	255	15	25	30000.00000000	-30000.00000000	u,Воздушная Гавань Глудио\0	93	2574	-159904	241632	1024	1024	0.05000000	a,map_airship_harbor_gludio\0	0
489	255	14	25	30000.00000000	-30000.00000000	u,База Альянса Кецеруса\0	725	2483	-195008	232576	1024	1024	0.05000000	a,map_union_base_of_kserth\0	1
490	255	13	25	30000.00000000	-30000.00000000	u,Расщелина\0	579	2543	-226016	232640	1024	1024	0.04200000	a,map_cleft\0	1
491	255	21	17	-8000.00000000	-9450.00000000	u,Окрестности Пайлаки, Руна\0	-1	-1	-1	-1	-1	-1	0.00000000	a,	0
